,Angle [deg],PF [1/sr]
0,0.0001,38448.53663610209
1,0.3608210420841683,936.782137608493
2,0.7215420841683367,190.05876406355006
3,1.0822631262525049,89.64128096447115
4,1.4429841683366733,60.297480434732854
5,1.8037052104208418,44.562931321201674
6,2.16442625250501,35.06631367379681
7,2.5251472945891784,26.65142638254811
8,2.885868336673347,20.310636340658892
9,3.2465893787575153,16.40422524245839
10,3.6073104208416837,13.191845724353753
11,3.9680314629258517,10.368662615221162
12,4.328752505010019,8.61458745688333
13,4.689473547094188,7.072833274075568
14,5.050194589178356,5.5292588407891925
15,5.410915631262525,4.566853073448539
16,5.771636673346693,3.516976521277151
17,6.132357715430861,2.988698992074701
18,6.49307875751503,2.4740059331956394
19,6.853799799599198,2.078101602780304
20,7.214520841683367,1.7264053444826502
21,7.575241883767535,1.5193827459463067
22,7.935962925851703,1.2920280169745477
23,8.296683967935872,0.9884085714325394
24,8.657405010020039,0.9366846920858286
25,9.018126052104208,0.7078596500564208
26,9.378847094188377,0.6839233960048392
27,9.739568136272545,0.5407751027661737
28,10.100289178356713,0.5113280283916949
29,10.461010220440881,0.4292552614910047
30,10.82173126252505,0.40141425751927456
31,11.182452304609217,0.32082777007252167
32,11.543173346693386,0.34673383458448626
33,11.903894388777555,0.24854191522551117
34,12.264615430861722,0.25339922171474455
35,12.625336472945891,0.20114803822456676
36,12.98605751503006,0.18285735101235404
37,13.346778557114227,0.18657864062315468
38,13.707499599198396,0.14718303264619467
39,14.068220641282565,0.14077139861469043
40,14.428941683366734,0.12480156446235698
41,14.789662725450901,0.1072106822475796
42,15.15038376753507,0.10193317875630735
43,15.511104809619239,0.09359914098364604
44,15.871825851703406,0.08723112239925102
45,16.232546893787575,0.0751517275074257
46,16.593267935871744,0.06335179219993926
47,16.953988977955913,0.05954387999979807
48,17.314710020040078,0.05072633486518829
49,17.675431062124247,0.04778576304685331
50,18.036152104208416,0.041366986996976815
51,18.396873146292585,0.04223900877161488
52,18.757594188376753,0.038773917053951404
53,19.118315230460922,0.03502888763582513
54,19.47903627254509,0.03331488079142072
55,19.839757314629257,0.027274116594090375
56,20.200478356713425,0.02727222401361212
57,20.561199398797594,0.025791554738464898
58,20.921920440881763,0.022454231872013328
59,21.282641482965932,0.018473184350294634
60,21.6433625250501,0.02030526584721939
61,22.004083567134266,0.017743747767761244
62,22.364804609218435,0.01427302700319263
63,22.725525651302604,0.01447990801849167
64,23.086246693386773,0.013742252186745584
65,23.446967735470942,0.014008625608361292
66,23.80768877755511,0.011547412773247482
67,24.16840981963928,0.01223655673594413
68,24.529130861723445,0.008422382936839432
69,24.889851903807614,0.009074179252614417
70,25.250572945891783,0.008574530554329718
71,25.61129398797595,0.007613395096559333
72,25.97201503006012,0.00961790158619889
73,26.33273607214429,0.00711190958144995
74,26.693457114228455,0.006821015737819139
75,27.054178156312624,0.00718179204280646
76,27.414899198396792,0.006334549962150632
77,27.77562024048096,0.006134444148848026
78,28.13634128256513,0.005798742431079323
79,28.4970623246493,0.005381380261991362
80,28.857783366733468,0.005256988672102576
81,29.218504408817633,0.004960568464321615
82,29.579225450901802,0.00370348959990542
83,29.93994649298597,0.004992501270150329
84,30.30066753507014,0.003308322540822913
85,30.66138857715431,0.0039029039813808053
86,31.022109619238478,0.003993031561283746
87,31.382830661322643,0.003986487604971248
88,31.743551703406812,0.002962077952744948
89,32.10427274549099,0.003673969416818421
90,32.46499378757515,0.0026489250596309333
91,32.82571482965932,0.0032541769028526196
92,33.18643587174349,0.0031013234946852446
93,33.547156913827656,0.0024952280264890357
94,33.90787795591183,0.003086242113467006
95,34.268598997995994,0.002643985367860905
96,34.62932004008016,0.0028018483722719147
97,34.99004108216433,0.0024333846750528784
98,35.3507621242485,0.0026527094914712006
99,35.71148316633267,0.0026948789149128525
100,36.072204208416835,0.002380090565087576
101,36.43292525050101,0.0025041311324949995
102,36.79364629258517,0.002037067120470597
103,37.15436733466934,0.002437531681273475
104,37.51508837675351,0.0020339488571793373
105,37.875809418837676,0.002636465457894933
106,38.23653046092185,0.0023688859154308186
107,38.597251503006014,0.0018746086508703175
108,38.957972545090186,0.002736737150661155
109,39.31869358717435,0.00228984036971026
110,39.67941462925852,0.00288098749047617
111,40.04013567134269,0.0029646353982832685
112,40.400856713426855,0.0025413701959976975
113,40.76157775551103,0.002950189354388755
114,41.12229879759519,0.00296827538535515
115,41.483019839679365,0.0025587358673559574
116,41.84374088176353,0.0035549790744192457
117,42.204461923847695,0.003474922172457825
118,42.56518296593187,0.00374212403887248
119,42.92590400801603,0.004071299792848607
120,43.286625050100206,0.003982816692679302
121,43.64734609218437,0.004605627080402704
122,44.008067134268536,0.004378660460257037
123,44.36878817635271,0.005113025367318092
124,44.729509218436874,0.004975827200035559
125,45.09023026052105,0.005440029754843879
126,45.45095130260521,0.005133179920401068
127,45.811672344689384,0.0055637891703232524
128,46.17239338677355,0.005703475697137593
129,46.533114428857715,0.005473173429790156
130,46.89383547094189,0.0056517178331331646
131,47.25455651302605,0.00539846677538348
132,47.615277555110225,0.005434800003430582
133,47.97599859719439,0.004686491512222008
134,48.33671963927856,0.005025294423001904
135,48.69744068136273,0.004648357501248275
136,49.058161723446894,0.0041426658764428526
137,49.418882765531066,0.004129519917513451
138,49.77960380761523,0.003972198862274659
139,50.140324849699404,0.0036134333335776352
140,50.50104589178357,0.0034358274641069415
141,50.861766933867735,0.0028641712364223812
142,51.22248797595191,0.0030685037491029583
143,51.58320901803607,0.002397931160331136
144,51.943930060120245,0.002518042585409888
145,52.30465110220441,0.002196005735974179
146,52.66537214428858,0.001788390701937878
147,53.02609318637275,0.0019097746411520027
148,53.38681422845691,0.0015965520889694087
149,53.747535270541086,0.0014559484359246084
150,54.10825631262525,0.0014199711468254675
151,54.46897735470942,0.0013955688077484723
152,54.82969839679359,0.001130158094843282
153,55.19041943887776,0.0013445037360634866
154,55.55114048096193,0.0009579009459272322
155,55.91186152304609,0.0011539120432748273
156,56.272582565130264,0.001047929904365625
157,56.63330360721443,0.000886313509222674
158,56.9940246492986,0.0009471104623893942
159,57.35474569138277,0.0009170702634758259
160,57.71546673346694,0.0009536134793393112
161,58.076187775551105,0.0008489674513263969
162,58.43690881763527,0.0008579916883460762
163,58.79762985971944,0.0007475228660148462
164,59.15835090180361,0.0007181006795686029
165,59.51907194388778,0.0008006721436089859
166,59.879792985971946,0.0006464433532056087
167,60.24051402805611,0.0006202665238841013
168,60.601235070140284,0.0006345908926968881
169,60.96195611222445,0.000514376541463106
170,61.32267715430862,0.0004971364491545304
171,61.68339819639279,0.0005144083145621015
172,62.04411923847696,0.000520864260459701
173,62.404840280561125,0.00047479008058302994
174,62.76556132264529,0.0004464265555801513
175,63.12628236472946,0.0005520273208265406
176,63.48700340681363,0.0005253454121721292
177,63.8477244488978,0.000499038681438116
178,64.20844549098197,0.0004808522885153895
179,64.56916653306614,0.0005728046037222764
180,64.9298875751503,0.00048595337750922566
181,65.29060861723447,0.0005552794139536535
182,65.65132965931863,0.000441239507273107
183,66.01205070140281,0.0005003914280090557
184,66.37277174348698,0.0004314243708342006
185,66.73349278557114,0.0005009672894717823
186,67.09421382765531,0.0004803519077917923
187,67.45493486973947,0.0004960474361025625
188,67.81565591182365,0.0005283890994651177
189,68.17637695390782,0.0005062263588674354
190,68.53709799599199,0.0005553844720825152
191,68.89781903807615,0.0005810294061795863
192,69.25854008016032,0.0005293640289007774
193,69.6192611222445,0.000593108237741148
194,69.97998216432866,0.000517806849159833
195,70.34070320641283,0.0005548198716541307
196,70.70142424849699,0.0005400756442119678
197,71.06214529058117,0.0005627184992387112
198,71.42286633266534,0.0005986197161010022
199,71.7835873747495,0.0005867523737209035
200,72.14430841683367,0.0006412061363770966
201,72.50502945891783,0.0006019592816083061
202,72.86575050100201,0.0005905811428427881
203,73.22647154308618,0.000617074624498108
204,73.58719258517034,0.0005981471894218946
205,73.94791362725451,0.0005978167027243068
206,74.30863466933867,0.0006447705695005221
207,74.66935571142285,0.0005803781812633265
208,75.03007675350702,0.0006086436748315662
209,75.39079779559118,0.000588748764683667
210,75.75151883767535,0.0006044089773834398
211,76.11223987975953,0.000529855378199589
212,76.4729609218437,0.0005930630840407304
213,76.83368196392786,0.000546718598586077
214,77.19440300601202,0.0005055274729206777
215,77.55512404809619,0.0005442763979117578
216,77.91584509018037,0.0005184879044466995
217,78.27656613226453,0.0005234978931603661
218,78.6372871743487,0.0004456805445638139
219,78.99800821643286,0.0004391551695126859
220,79.35872925851703,0.0004198050268713296
221,79.71945030060121,0.0004049215946783393
222,80.08017134268538,0.00040593363753119464
223,80.44089238476954,0.00039734564203672864
224,80.8016134268537,0.00038876129837601747
225,81.16233446893787,0.00036353306544314784
226,81.52305551102205,0.0003397823561905293
227,81.88377655310622,0.000366464507192345
228,82.24449759519038,0.0003264553220188777
229,82.60521863727455,0.0003328802700206173
230,82.96593967935873,0.0003132659146647631
231,83.32666072144289,0.0002862244398534793
232,83.68738176352706,0.0002715161083482556
233,84.04810280561122,0.0002966896983992819
234,84.40882384769539,0.00026726392111176174
235,84.76954488977957,0.00023370559144452756
236,85.13026593186373,0.0002464712238416381
237,85.4909869739479,0.00023211005704681405
238,85.85170801603206,0.00022519207783904772
239,86.21242905811623,0.000208431735466062
240,86.57315010020041,0.0002210891424315187
241,86.93387114228457,0.00019444778044787862
242,87.29459218436874,0.00017867245897049141
243,87.6553132264529,0.00019766454894460436
244,88.01603426853707,0.00017607434161690417
245,88.37675531062125,0.00018659898928059072
246,88.73747635270541,0.0001624012298788406
247,89.09819739478958,0.0001844225345614899
248,89.45891843687374,0.00016309650025654666
249,89.81963947895792,0.00016311445538154062
250,90.18036052104209,0.00016933996594954332
251,90.54108156312626,0.00015877037992977116
252,90.90180260521042,0.00019017974326789833
253,91.26252364729459,0.0001733815748297219
254,91.62324468937877,0.00016876440649349358
255,91.98396573146293,0.000180649032455866
256,92.3446867735471,0.00018672011029630613
257,92.70540781563126,0.00016241396673824163
258,93.06612885771543,0.00017936009416756786
259,93.4268498997996,0.0001569347609425928
260,93.78757094188377,0.00018184322958237145
261,94.14829198396794,0.00016668280255264655
262,94.5090130260521,0.00016563238111467663
263,94.86973406813627,0.0001663806667722435
264,95.23045511022045,0.00018754949341644064
265,95.59117615230461,0.00016600377089037027
266,95.95189719438878,0.00016476155935077946
267,96.31261823647294,0.00017618732990240207
268,96.67333927855712,0.00017883590139442806
269,97.03406032064129,0.00017620056302454116
270,97.39478136272545,0.0001893190901334026
271,97.75550240480962,0.00018154130090550046
272,98.11622344689378,0.00018421939350386408
273,98.47694448897796,0.00018813933025336904
274,98.83766553106213,0.0001781255589624537
275,99.1983865731463,0.00018249983333259081
276,99.55910761523046,0.00019953912890207116
277,99.91982865731462,0.00018040982411782704
278,100.2805496993988,0.00019115151407724697
279,100.64127074148297,0.0001803514832786231
280,101.00199178356714,0.00019505228656500897
281,101.3627128256513,0.000196954998001249
282,101.72343386773547,0.00018652953790164833
283,102.08415490981965,0.0001785695454614883
284,102.44487595190381,0.00016728456115972678
285,102.80559699398798,0.000175572533514714
286,103.16631803607214,0.00017960242698078832
287,103.52703907815632,0.00018832965294707352
288,103.88776012024049,0.0001685634788817891
289,104.24848116232465,0.000174945741830062
290,104.60920220440882,0.00016481545478172892
291,104.96992324649298,0.0001681213915706751
292,105.33064428857716,0.0001810822261411958
293,105.69136533066133,0.0001605942620515501
294,106.05208637274549,0.0001592870766680192
295,106.41280741482966,0.00015466822219634387
296,106.77352845691382,0.00013216381256553835
297,107.134249498998,0.00014071113639789443
298,107.49497054108217,0.0001489801368437927
299,107.85569158316633,0.0001489901876328472
300,108.2164126252505,0.0001438054891783576
301,108.57713366733466,0.00013374473454337817
302,108.93785470941884,0.00012942668324442315
303,109.29857575150301,0.00012969974473895385
304,109.65929679358717,0.00013205581083956548
305,110.02001783567134,0.00013075497767967646
306,110.38073887775552,0.00012867712679094808
307,110.74145991983968,0.00012150752045088728
308,111.10218096192385,0.00011207236433651585
309,111.46290200400801,0.00012438438505499086
310,111.82362304609218,0.00011394120788411545
311,112.18434408817636,0.00010396904334622084
312,112.54506513026053,0.00011278470722504125
313,112.90578617234469,0.000125936443849465
314,113.26650721442886,0.00010745785830694713
315,113.62722825651302,0.0001039336999393718
316,113.9879492985972,0.0001094821928649
317,114.34867034068137,0.00011129412360381683
318,114.70939138276553,0.00010756633950126413
319,115.0701124248497,9.446633812150883e-05
320,115.43083346693388,0.00011163700320345209
321,115.79155450901804,9.991287343796539e-05
322,116.1522755511022,9.573782675083546e-05
323,116.51299659318637,9.746457508992508e-05
324,116.87371763527054,0.00011258342054192771
325,117.23443867735472,0.00010780965197839252
326,117.59515971943888,9.230241006612504e-05
327,117.95588076152305,9.90253513679198e-05
328,118.31660180360721,0.00010744845974812904
329,118.67732284569138,9.79909928864581e-05
330,119.03804388777556,0.00010267304636984362
331,119.39876492985972,9.854906112620393e-05
332,119.75948597194389,0.00010632314439467136
333,120.12020701402805,9.58200189160224e-05
334,120.48092805611222,9.990031774300612e-05
335,120.8416490981964,0.00010345381444834957
336,121.20237014028056,0.0001070571398182203
337,121.56309118236473,0.00010775552771778218
338,121.9238122244489,9.812386716113935e-05
339,122.28453326653307,0.00010536716614999424
340,122.64525430861724,0.00010296008470409705
341,123.0059753507014,0.00010257216822806724
342,123.36669639278557,0.00011018416505405675
343,123.72741743486974,0.00010336462840118534
344,124.08813847695392,0.00011679294432315026
345,124.44885951903808,0.00010613434843723987
346,124.80958056112225,0.00010443983139176063
347,125.17030160320641,0.00011121550832116871
348,125.53102264529058,0.00011602406836003175
349,125.89174368737476,0.0001073501111688122
350,126.25246472945892,0.00011678535319521006
351,126.61318577154309,0.00010894334639502371
352,126.97390681362725,0.00011624643185874997
353,127.33462785571142,0.00010874297768771792
354,127.6953488977956,0.00011344457016700497
355,128.05606993987976,0.00010679631548524557
356,128.41679098196394,0.00010603260553536128
357,128.7775120240481,0.00010074748122547558
358,129.13823306613227,0.00010445811851761187
359,129.49895410821642,9.977598279211857e-05
360,129.8596751503006,9.738383132445647e-05
361,130.22039619238478,0.00011471492776282338
362,130.58111723446893,0.00010669394139725156
363,130.9418382765531,0.00011404450253764912
364,131.30255931863726,0.0001043366588228498
365,131.66328036072144,0.00010375791385047496
366,132.02400140280562,9.159629124336101e-05
367,132.38472244488977,0.00011066596164097637
368,132.74544348697395,8.855116141463182e-05
369,133.1061645290581,9.840627260807677e-05
370,133.46688557114229,0.00010457567708978922
371,133.82760661322646,8.285464373800048e-05
372,134.18832765531062,0.00010453756186074511
373,134.5490486973948,8.998910827924025e-05
374,134.90976973947895,0.00010486489556980205
375,135.27049078156313,9.4110178116748e-05
376,135.6312118236473,8.954598615693434e-05
377,135.99193286573146,8.990823632567673e-05
378,136.35265390781564,0.00010572711054252948
379,136.7133749498998,8.866117751645807e-05
380,137.07409599198397,8.448164956514815e-05
381,137.43481703406815,9.915233130771638e-05
382,137.7955380761523,9.445711153382075e-05
383,138.15625911823648,8.965064061527607e-05
384,138.51698016032063,9.864204233623826e-05
385,138.8777012024048,8.151371653615272e-05
386,139.238422244489,8.690862007671051e-05
387,139.59914328657314,9.791467576653317e-05
388,139.95986432865732,9.028779457293024e-05
389,140.3205853707415,9.544916590061283e-05
390,140.68130641282565,8.500194239675155e-05
391,141.04202745490983,8.729847442217647e-05
392,141.40274849699398,9.991126650217927e-05
393,141.76346953907816,8.523663451813496e-05
394,142.12419058116234,9.755368571977813e-05
395,142.4849116232465,9.544946718543814e-05
396,142.84563266533067,9.326170811155785e-05
397,143.20635370741482,8.689581734487906e-05
398,143.567074749499,0.00010638063083750111
399,143.92779579158318,8.868210703926431e-05
400,144.28851683366733,0.00010162712644704983
401,144.6492378757515,9.326720413092488e-05
402,145.00995891783566,8.190719846132742e-05
403,145.37067995991984,8.661638224275519e-05
404,145.73140100200402,9.276386276530338e-05
405,146.09212204408817,0.00010950331352767291
406,146.45284308617235,9.933863465522653e-05
407,146.8135641282565,0.00010204854156751701
408,147.17428517034068,0.00011258026837851869
409,147.53500621242486,0.00012089945665177181
410,147.895727254509,8.738603105057846e-05
411,148.2564482965932,9.956326597703813e-05
412,148.61716933867734,0.00011080208966284108
413,148.97789038076152,0.00011210353736604217
414,149.3386114228457,0.00010415914560354764
415,149.69933246492985,0.00010073572639975837
416,150.06005350701403,8.946491767986012e-05
417,150.42077454909818,0.00012011623966558298
418,150.78149559118236,0.00011719713105395611
419,151.14221663326654,0.00011923313920612684
420,151.5029376753507,0.00010645516733929385
421,151.86365871743487,0.00012493169507035265
422,152.22437975951905,0.0001291460291438383
423,152.5851008016032,0.00010802864268728775
424,152.94582184368738,0.0001253148210656771
425,153.30654288577153,0.00012280026570349016
426,153.6672639278557,0.00012330762491889462
427,154.0279849699399,0.00011349294293434237
428,154.38870601202404,9.657432731137463e-05
429,154.74942705410822,0.00011918513059028727
430,155.11014809619238,0.00011995991089110822
431,155.47086913827656,0.0001319167319366166
432,155.83159018036073,0.00010819224475466383
433,156.19231122244489,0.00014061654235097564
434,156.55303226452907,0.00012991429458581943
435,156.91375330661322,0.00012509010524113597
436,157.2744743486974,0.00013401257443262425
437,157.63519539078158,0.00011374297853320729
438,157.99591643286573,0.00015144509116014649
439,158.3566374749499,0.0001404868166370867
440,158.71735851703406,0.00011015053840093302
441,159.07807955911824,0.00012007826530122937
442,159.43880060120242,0.00013825499775985174
443,159.79952164328657,0.00013107192882985417
444,160.16024268537075,0.00015699665762059837
445,160.5209637274549,0.0001199220982484094
446,160.88168476953908,0.0001440235931466301
447,161.24240581162326,0.00012119007991207687
448,161.6031268537074,0.00014473340676961544
449,161.9638478957916,0.0001175477514703529
450,162.32456893787574,0.00016071403987975383
451,162.68528997995992,0.0001363910656790475
452,163.0460110220441,0.0001740757791080595
453,163.40673206412825,0.00014740596547027513
454,163.76745310621243,0.00012476533816919354
455,164.12817414829658,0.0001563739861891853
456,164.48889519038076,0.00015412154322454606
457,164.84961623246494,0.00014628990574803066
458,165.2103372745491,0.00015844836584020142
459,165.57105831663327,0.00014690818925172511
460,165.93177935871745,0.0001379550946320473
461,166.2925004008016,0.0001801157092385655
462,166.65322144288578,0.00016570575233394356
463,167.01394248496993,0.00015395855646073724
464,167.3746635270541,0.0002122766464307178
465,167.7353845691383,0.00015890151860987052
466,168.09610561122244,0.00020543852618248277
467,168.45682665330662,0.00019153515421646485
468,168.81754769539077,0.0001919500751658468
469,169.17826873747495,0.0002456671981379484
470,169.53898977955913,0.0002093737837730312
471,169.89971082164328,0.0001948936986185532
472,170.26043186372746,0.00021810619826158716
473,170.6211529058116,0.00022124067634870533
474,170.9818739478958,0.0002062771915939182
475,171.34259498997997,0.0002355241500064843
476,171.70331603206412,0.00024071205241933162
477,172.0640370741483,0.0002959057143762449
478,172.42475811623245,0.0003161606501398309
479,172.78547915831663,0.00034191035909481715
480,173.1462002004008,0.0002547330152093327
481,173.50692124248496,0.0004159815346493041
482,173.86764228456914,0.00030289314391426125
483,174.2283633266533,0.00046587716097447514
484,174.58908436873747,0.00030350746698940315
485,174.94980541082165,0.0003923904768236617
486,175.3105264529058,0.00044036078219967395
487,175.67124749498998,0.00047965835396127516
488,176.03196853707414,0.0005032658872242471
489,176.39268957915831,0.0006422971829817035
490,176.7534106212425,0.0006503214227604469
491,177.11413166332665,0.0007415045474003255
492,177.47485270541083,0.0007992511168849732
493,177.83557374749498,0.0010128561609922687
494,178.19629478957916,0.0012361751142852615
495,178.55701583166334,0.0014999523400288659
496,178.9177368737475,0.0019545638716375224
497,179.27845791583167,0.0030544010800987753
498,179.63917895791585,0.006282548289249197
499,179.9999,0.005707275407917746
